Cruise  Cruise_ID_2  Leg  Cast  Day_local  Month_local  Year_local  Latitude  Longitude  
1       CAR-001      2    2     8          11           1995        10.485    -64.673    
2       CAR-002      1    2     13         12           1995        10.491    -64.658    
3       CAR-003      1    3     12         1            1996        10.489    -64.671    
4       CAR-004      1    4     13         2            1996        10.491    -64.668    
5       CAR-005      1    4     13         3            1996        10.5      -64.66     
6       CAR-006      1    4     16         4            1996        10.509    -64.67     
7       CAR-007      2    3     9          5            1996        10.493    -64.667    
8       CAR-008      1    3     12         6            1996        10.484    -64.664    
9       CAR-009      2    4     10         7            1996        10.506    -64.676    
10      CAR-010      1    4     6          8            1996        10.501    -64.668    
11      CAR-011      1    4     10         9            1996        10.5      -64.66     
12      CAR-012      1    4     9          10           1996        10.5      -64.667    
13      CAR-013      3    4     10         11           1996        10.5      -64.66     
14      CAR-014      1    4     11         12           1996        10.498    -64.668    
15      CAR-015      1    4     7          1            1997        10.492    -64.667    
16      CAR-016      1    4     13         2            1997        10.498    -64.669    
17      CAR-017      1    6     13         3            1997        10.498    -64.669    
18      CAR-018      1    4     15         4            1997        10.498    -64.668    
19      CAR-019      2    4     10         5            1997        10.502    -64.671    
20      CAR-020      1    4     17         6            1997        10.498    -64.668    
21      CAR-021      1    4     8          7            1997        10.499    -64.67     
23      CAR-023      1    4     17         9            1997        10.5      -64.67     
24      CAR-024      1    4     14         10           1997        10.499    -64.666    
25      CAR-025      2    4     13         11           1997        10.499    -64.668    
26      CAR-026      1    4     17         12           1997        10.499    -64.667    
27      CAR-027      1    4     14         1            1998        10.5      -64.667    
28      CAR-028      1    4     11         2            1998        10.5      -64.658    
29      CAR-029      2    4     12         3            1998        10.498    -64.666    
31      CAR-031      2    4     9          6            1998        10.4996   -64.668    
32      CAR-032      2    4     9          7            1998        10.501    -64.667    
33      CAR-033      1    4     5          8            1998        10.501    -64.667    
34      CAR-034      1    4     1          9            1998        10.503    -64.667    
35      CAR-035      1    4     14         10           1998        10.5      -64.669    
37      CAR-037      1    4     16         12           1998        10.495    -64.669    
38      CAR-038      1    4     12         1            1999        10.499    -64.668    
39      CAR-039      1    4     10         2            1999        10.496    -64.675    
40      CAR-040      1    4     4          3            1999        10.499    -64.669    
41      CAR-041      1    4     7          4            1999        10.499    -64.665    
42      CAR-042      2    4     6          5            1999        10.497    -64.666    
43      CAR-043      1    4     8          6            1999        10.5      -64.668    
44      CAR-044      1    4     15         7            1999        10.499    -64.669    
45      CAR-045      1    4     11         8            1999        10.501    -64.666    
46      CAR-046      1    4     14         9            1999        10.497    -64.67     
47      CAR-047      1    4     5          10           1999        10.501    -64.666    
48      CAR-048      2    4     4          11           1999        10.499    -64.671    
49      CAR-049      1    4     7          12           1999        10.498    -64.67     
50      CAR-050      1    4     11         1            2000        10.499    -64.671    
51      CAR-051      1    4     8          2            2000        10.496    -64.67     
52      CAR-052      1    4     9          3            2000        10.5      -64.668    
53      CAR-053      1    4     11         4            2000        10.495    -64.667    
54      CAR-054      3    4     11         5            2000        10.501    -64.665    
55      CAR-055      1    4     6          6            2000        10.497    -64.678    
56      CAR-056      1    4     7          7            2000        10.499    -64.671    
59      CAR-059      1    4     10         10           2000        10.498    -64.668    
60      CAR-060      3    4     3          11           2000        10.499    -64.663    
61      CAR-061      1    4     5          12           2000        10.499    -64.667    
62      CAR-062      1    4     11         1            2001        10.496    -64.667    
63      CAR-063      1    4     16         2            2001        10.501    -64.668    
64      CAR-064      1    4     14         3            2001        10.502    -64.679    
65      CAR-065      1    4     4          4            2001        10.504    -64.675    
66      CAR-066      3    4     5          5            2001        10.498    -64.666    
67      CAR-067      1    4     12         6            2001        10.499    -64.668    
68      CAR-068      1    4     10         7            2001        10.498    -64.667    
69      CAR-069      1    4     7          8            2001        10.499    -64.671    
70      CAR-070      1    4     12         9            2001        10.499    -64.665    
71      CAR-071      1    4     9          10           2001        10.5      -64.669    
72      CAR-072      1    4     6          11           2001        10.499    -64.667    
73      CAR-073      1    4     11         12           2001        10.498    -64.669    
74      CAR-074      1    4     10         1            2002        10.5      -64.667    
75      CAR-075      1    4     14         2            2002        10.501    -64.669    
76      CAR-076      1    4     12         3            2002        10.499    -64.669    
77      CAR-077      1    4     2          4            2002        10.498    -64.669    
78      CAR-078      1    4     7          5            2002        10.498    -64.668    
79      CAR-079      1    4     12         6            2002        10.499    -64.668    
80      CAR-080      1    4     9          7            2002        10.498    -64.678    
81      CAR-081      1    4     6          8            2002        10.501    -64.666    
82      CAR-082      1    4     3          10           2002        10.5      -64.662    
83      CAR-083      1    4     7          11           2002        10.497    -64.668    
84      CAR-084      1    4     5          12           2002        10.493    -64.675    
85      CAR-085      1    4     14         1            2003        10.501    -64.667    
86      CAR-086      1    4     11         2            2003        10.492    -64.673    
87      CAR-087      1    4     11         3            2003        10.499    -64.668    
88      CAR-088      1    4     8          4            2003        10.492    -64.673    
89      CAR-089      1    4     13         5            2003        10.499    -64.67     
90      CAR-090      1    4     10         6            2003        10.498    -64.668    
91      CAR-091      1    4     8          7            2003        10.496    -64.668    
92      CAR-092      1    4     4          8            2003        10.496    -64.669    
93      CAR-093      1    4     9          9            2003        10.5      -64.666    
94      CAR-094      1    4     11         11           2003        10.498    -64.667    
97      CAR-097      1    4     8          2            2004        10.498    -64.671    
98      CAR-098      1    4     8          3            2004        10.498    -64.67     
101     CAR-101      1    4     8          6            2004        10.499    -64.674    
102     CAR-102      1    4     7          7            2004        10.497    -64.668    
103     CAR-103      1    4     10         8            2004        10.504    -64.666    
104     CAR-104      1    4     7          9            2004        10.499    -64.664    
105     CAR-105      1    4     5          10           2004        10.497    -64.668    
106     CAR-106      1    4     9          11           2004        10.493    -64.667    
107     CAR-107      1    4     7          12           2004        10.498    -64.67     
108     CAR-108      1    4     11         1            2005        10.5      -64.66     
109     CAR-109      1    4     10         2            2005        10.491    -64.669    
110     CAR-110      1    4     8          3            2005        10.4932   -64.6668   
111     CAR-111      1    4     5          4            2005        10.491    -64.668    
112     CAR-112      1    4     10         5            2005        10.493    -64.659    
113     CAR-113      1    4     14         6            2005        10.499    -64.665    
114     CAR-114      1    4     12         7            2005        10.498    -64.669    
115     CAR-115      1    4     10         8            2005        10.501    -64.664    
116     CAR-116      1    4     5          10           2005        10.501    -64.67     
117     CAR-117      1    4     15         12           2005        10.481    -64.693    
118     CAR-118      1    4     12         1            2006        10.498    -64.665    
119     CAR-119      1    4     7          2            2006        10.496    -64.671    
120     CAR-120      1    4     16         3            2006        10.497    -64.669    
121     CAR-121      1    4     4          4            2006        10.495    -64.671    
122     CAR-122      1    4     10         5            2006        10.497    -64.668    
123     CAR-123      1    4     6          6            2006        10.499    -64.667    
124     CAR-124      1    4     4          7            2006        10.506    -64.6605   
125     CAR-125      1    4     3          8            2006        10.5      -64.669    
126     CAR-126      1    4     12         9            2006        10.492    -64.677    
127     CAR-127      1    4     10         10           2006        10.497    -64.668    
128     CAR-128      1    4     2          11           2006        10.487    -64.678    
129     CAR-129      1    4     5          12           2006        10.499    -64.666    
130     CAR-130      1    4     6          2            2007        10.494    -64.669    
131     CAR-131      1    4     6          3            2007        10.498    -64.672    
132     CAR-132      1    4     10         4            2007        10.503    -64.68     
133     CAR-133      1    4     8          5            2007        10.501    -64.669    
134     CAR-134      1    4     5          6            2007        10.497    -64.667    
135     CAR-135      1    4     3          7            2007        10.4997   -64.6709   
136     CAR-136      1    4     7          8            2007        10.5055   -64.665    
137     CAR-137      1    4     4          9            2007        10.4967   -64.6726   
138     CAR-138      1    4     9          10           2007        10.4998   -64.6679   
140     CAR-140      1    4     11         12           2007        10.475    -64.683    
141     CAR-141      1    4     10         1            2008        10.494    -64.668    
142     CAR-142      1    4     12         2            2008        10.495    -64.67     
143     CAR-143      1    4     11         3            2008        10.495    -64.67     
144     CAR-144      1    4     8          4            2008        10.496    -64.67     
145     CAR-145      1    4     6          5            2008        10.496    -64.671    
146     CAR-146      1    4     4          6            2008        10.493    -64.674    
147     CAR-147      1    4     8          7            2008        10.498    -64.669    
148     CAR-148      1    4     5          8            2008        10.499    -64.67     
149     CAR-149      1    4     10         9            2008        10.4969   -64.6752   
150     CAR-150      1    4     10         10           2008        10.504    -64.67     
151     CAR-151      1    4     18         11           2008        10.492    -64.674    
152     CAR-152      1    4     10         12           2008        10.499    -64.668    
153     CAR-153      1    4     13         1            2009        10.489    -64.677    
154     CAR-154      1    4     10         2            2009        10.493    -64.67     
155     CAR-155      1    4     3          3            2009        10.499    -64.663    
156     CAR-156      1    4     7          4            2009        10.494    -64.673    
157     CAR-157      1    4     8          5            2009        10.517    -64.668    
158     CAR-158      1    4     2          6            2009        10.496    -64.668    
159     CAR-159      1    4     14         7            2009        10.4977   -64.6702   
160     CAR-160      1    4     11         8            2009        10.495    -64.665    
161     CAR-161      1    4     15         9            2009        10.509    -64.663    
162     CAR-162      1    4     6          10           2009        10.496    -64.666    
163     CAR-163      1    4     10         11           2009        10.503    -64.67     
164     CAR-164      1    4     8          12           2009        10.495    -64.67     
165     CAR-165      1    4     12         1            2010        10.489    -64.672    
166     CAR-166      1    4     11         2            2010        10.491    -64.683    
167     CAR-167      1    4     9          3            2010        10.5      -64.67     
168     CAR-168      1    4     7          4            2010        10.496    -64.668    
169     CAR-169      2    4     11         5            2010        10.501    -64.675    
170     CAR-170      1    4     8          6            2010        10.5      -64.661    
171     CAR-171      1    4     4          8            2010        10.501    -64.661    
172     CAR-172      1    4     15         9            2010        10.501    -64.672    
173     CAR-173      1    4     4          10           2010        10.503    -64.662    
174     CAR-174      1    4     9          11           2010        10.5      -64.664    
175     CAR-175      3    4     8          12           2010        10.497    -64.666    
176     CAR-176      1    4     11         1            2011        10.495    -64.679    
177     CAR-177      1    4     8          2            2011        10.503    -64.665    
178     CAR-178      1    4     15         3            2011        10.499    -64.666    
179     CAR-179      1    4     12         4            2011        10.512    -64.659    
180     CAR-180      2    4     10         5            2011        10.498    -64.669    
181     CAR-181      1    4     9          6            2011        10.5      -64.669    
182     CAR-182      1    4     7          7            2011        10.501    -64.665    
183     CAR-183      1    4     9          8            2011        10.5      -64.672    
184     CAR-184      1    4     6          9            2011        10.497    -64.68     
185     CAR-185      1    4     4          10           2011        10.5      -64.673    
186     CAR-186      3    4     18         11           2011        10.501    -64.671    
187     CAR-187      1    4     10         1            2012        10.494    -64.679    
188     CAR-188      1    4     7          2            2012        10.496    -64.674    
189     CAR-189      1    4     16         3            2012        10.496    -64.679    
190     CAR-190      1    4     10         4            2012        10.505    -64.675    
191     CAR-191      2    4     15         5            2012        10.498    -64.67     
193     CAR-193      1    4     26         7            2012        10.498    -64.681    
194     CAR-194      1    4     14         8            2012        10.498    -64.676    
195     CAR-195      1    4     10         9            2012        10.501    -64.669    
196     CAR-196      1    4     10         10           2012        10.5      -64.669    
197     CAR-197      1    4     8          11           2012        10.497    -64.67     
198     CAR-198      1    4     4          12           2012        10.5      -64.669    
199     CAR-199      1    4     5          3            2013        10.5      -64.66     
200     CAR-200      1    4     9          4            2013        10.506    -64.672    
201     CAR-201      2    4     9          5            2013        10.503    -64.679    
202     CAR-202      1    4     11         6            2013        10.5      -64.668    
203     CAR-203      1    4     11         7            2013        10.501    -64.667    
204     CAR-204      1    4     13         8            2013        10.507    -64.673    
205     CAR-205      1    4     11         9            2013        10.506    -64.663    
206     CAR-206      1    4     8          10           2013        10.503    -64.663    
207     CAR-207      3    4     13         11           2013        10.507    -64.673    
208     CAR-208      1    4     4          12           2013        10.504    -64.677    
209     CAR-209      1    4     14         1            2014        10.497    -64.679    
210     CAR-210      1    4     4          2            2014        10.5      -64.669    
211     CAR-211      1    4     1          4            2014        10.501    -64.671    
212     CAR-212      1    4     6          5            2014        10.505    -64.672    
213     CAR-213      1    4     13         6            2014        10.499    -64.672    
214     CAR-214      1    4     3          9            2014        10.497    -64.674    
215     CAR-215      1    4     7          10           2014        10.509    -64.677    
216     CAR-216      4    4     12         11           2014        10.503    -64.672    
217     CAR-217      1    4     4          12           2014        10.499    -64.674    
218     CAR-218      1    4     15         2            2015        10.5      -64.668    
219     CAR-219      1    4     10         3            2015        10.502    -64.667    
220     CAR-220      1    4     24         4            2015        10.51     -64.684    
221     CAR-221      1    4     29         7            2015        10.498    -64.67     
222     CAR-222      2    4     18         8            2015        10.5      -64.667    
223     CAR-223      1    4     10         9            2015        10.507    -64.668    
224     CAR-224      2    4     16         11           2015        10.506    -64.676    
225     CAR-225      1    4     9          12           2015        10.501    -64.683    
226     CAR-226      1    4     12         1            2016        10.493    -64.669    
227     CAR-227      1    4     4          2            2016        10.512    -64.668    
228     CAR-228      1    4     11         5            2016        10.498    -64.671    
229     CAR-229      1    0     7          6            2016        10.5      -64.66     
230     CAR-230      1    4     20         9            2016        10.497    -64.673    
231     CAR-231      1    4     21         12           2016        10.5      -64.66     
232     CAR-232      1    4     12         1            2017        10.5      -64.66     
